 <pre>

 Contingency table for Low clouds (octas)
 Selection: ALL    143 stations
Period: 20200203-20200217
Used {00} + 01 02 ... 24
 Limits    1.00000000       2.00000000       3.00000000       4.00000000       5.00000000       6.00000000       7.00000000    
 Each class is data <= limit, the very last > last limit
 Total number of values       41661
                                              OBSERVATION
                                   6344     2015     1771     1382     1226     1138     1614      814 |     16304
                                    301      188      176      191      169      138      240       70 |      1473
                                    234      118      146      126      107      121      180       72 |      1104
                       RFRMIN1      194      108      132      118      105       96      173       53 |       979
                                    138      117      113       98      115      108      170       60 |       919
                                    172      118      129      117      111      130      186       77 |      1040
                                    287      183      186      161      161      180      296      126 |      1580
                                   1299     1555     1713     1792     1916     2370     4766     2851 |     18262

                    SUM            8969     4402     4366     3985     3910     4281     7625     4123 |     41661
                                              OBSERVATION
                                   6438     2012     1790     1495     1281     1152     1619      755 |     16542
                                    281      194      198      174      144      164      244       67 |      1466
                                    201      119      136      112      113      130      194       70 |      1075
                  RFRMIN1_Wopt      170      112      125       97       98       96      164       63 |       925
                                    166       94       98      101      102      100      165       58 |       884
                                    179      118      135      117      117      118      182       86 |      1052
                                    260      185      198      170      152      193      291      121 |      1570
                                   1274     1568     1686     1719     1903     2328     4766     2903 |     18147

                    SUM            8969     4402     4366     3985     3910     4281     7625     4123 |     41661

