 <pre>

 Contingency table for Cloud base (m)
 Selection: Ireland     27 stations
Period: 20200203-20200217
Used {00} + 01 02 ... 24
 Limits    70.0000000       150.000000       300.000000       600.000000       1000.00000       1500.00000       2500.00000       5000.00000    
 Each class is data <= limit, the very last > last limit
 Total number of values        8151
                                                       OBSERVATION
                                     24       37       16       25        5        2        0        7        2 |       118
                                     11       36       27       24        7        6        1        0        3 |       115
                                     10       80      126      102       19        6        4        5        1 |       353
                                      1       35      184      518      215       69       12       22        8 |      1064
                       RFRMIN1        0        6       51      344      539      137       28       36       10 |      1151
                                      2       10       59      252      364      232       26       39       16 |      1000
                                      1        8       53      198      199      156       34       37        8 |       694
                                      0        9       70      199      175      120       39       84       17 |       713
                                      9       21      123      683      896      465      114      267      365 |      2943

                    SUM              58      242      709     2345     2419     1193      258      497      430 |      8151
                                                       OBSERVATION
                                     22       34       17       24        4        4        2        5        2 |       114
                                     11       34       22       22        4        5        1        1        3 |       103
                                     10       82      128      105       15        9        2        2        0 |       353
                                      1       39      174      499      226       66       16       18        6 |      1045
                  RFRMIN1_Wopt        1        9       50      364      594      149       25       46       16 |      1254
                                      2        7       54      229      335      237       22       41       21 |       948
                                      1       10       60      191      187      134       34       32       10 |       659
                                      1        6       67      200      187      121       40       86       13 |       721
                                      9       21      137      711      867      468      116      266      359 |      2954

                    SUM              58      242      709     2345     2419     1193      258      497      430 |      8151

