 <pre>

 Contingency table for Low clouds (octas)
 Selection: Ireland     27 stations
Period: 20200203-20200217
Used {00} + 01 02 ... 24
 Limits    1.00000000       2.00000000       3.00000000       4.00000000       5.00000000       6.00000000       7.00000000    
 Each class is data <= limit, the very last > last limit
 Total number of values        8685
                                              OBSERVATION
                                   1090      368      363      291      258      247      481      185 |      3283
                                     58       29       33       47       36       34       68       15 |       320
                                     38       21       36       22       21       31       49       17 |       235
                       RFRMIN1       44       19       27       31       24       26       62       22 |       255
                                     18       21       27       22       30       28       62       15 |       223
                                     32       24       20       27       22       34       53       26 |       238
                                     59       39       44       35       32       37      103       37 |       386
                                    280      240      285      276      332      376     1256      700 |      3745

                    SUM            1619      761      835      751      755      813     2134     1017 |      8685
                                              OBSERVATION
                                   1061      361      361      294      299      243      502      174 |      3295
                                     58       33       50       40       28       54       64       19 |       346
                                     45       21       24       22       28       27       61       14 |       242
                  RFRMIN1_Wopt       36       25       19       17       18       29       50       15 |       209
                                     36       20       20       24       22       18       56       21 |       217
                                     39       26       34       22       30       20       72       25 |       268
                                     50       34       42       35       38       47       95       37 |       378
                                    294      241      285      297      292      375     1234      712 |      3730

                    SUM            1619      761      835      751      755      813     2134     1017 |      8685

