 <pre>

 Contingency table for Cloud base (m)
 Selection: ALL    143 stations
Period: 20200203-20200217
Used {00} + 01 02 ... 24
 Limits    70.0000000       150.000000       300.000000       600.000000       1000.00000       1500.00000       2500.00000       5000.00000    
 Each class is data <= limit, the very last > last limit
 Total number of values       38494
                                                       OBSERVATION
                                    296      223      165       84       32       15        5       10       21 |       851
                                     95      277      263      120       42       21        7        7       10 |       842
                                     72      381      882      658      133       68       13       15       10 |      2232
                                     43      185      855     2752     1152      415       74       66       54 |      5596
                       RFRMIN1       13       53      252     1311     2536     1096      153      164       75 |      5653
                                      7       41      183      643     1251     1336      133      182       86 |      3862
                                      5       24      136      437      623      685      142      159       30 |      2241
                                      6       40      153      599      746      790      296      634       83 |      3347
                                    198      119      470     2222     4040     3115      463     1461     1782 |     13870

                    SUM             735     1343     3359     8826    10555     7541     1286     2698     2151 |     38494
                                                       OBSERVATION
                                    295      215      163       83       32       20        6        7       20 |       841
                                     93      280      261      133       31       26        7        6        7 |       844
                                     70      382      891      678      122       77       11       17       13 |      2261
                                     46      191      847     2709     1189      393       72       73       53 |      5573
                  RFRMIN1_Wopt       13       52      251     1294     2616     1131      122      161       82 |      5722
                                      7       33      179      601     1153     1359      125      194       84 |      3735
                                      4       36      146      446      593      645      149      121       29 |      2169
                                      8       39      159      610      785      771      328      649       85 |      3434
                                    199      115      462     2272     4034     3119      466     1470     1778 |     13915

                    SUM             735     1343     3359     8826    10555     7541     1286     2698     2151 |     38494

