 <pre>

 Contingency table for Low clouds (octas)
 Selection: Ireland     27 stations
Period: 20200203-20200217
Used {12} + 01 02 ... 24
 Limits    1.00000000       2.00000000       3.00000000       4.00000000       5.00000000       6.00000000       7.00000000    
 Each class is data <= limit, the very last > last limit
 Total number of values        8706
                                              OBSERVATION
                                   1058      334      345      286      286      276      488      208 |      3281
                                     47       41       48       30       37       39       70       25 |       337
                                     44       39       33       27       24       23       65       19 |       274
                       RFRMIN1       41       24       29       30       29       19       54       12 |       238
                                     34       19       24       21       23       21       63       15 |       220
                                     45       19       31       29       26       30       66       16 |       262
                                     58       41       42       53       36       41      110       42 |       423
                                    256      226      277      279      317      371     1251      694 |      3671

                    SUM            1583      743      829      755      778      820     2167     1031 |      8706
                                              OBSERVATION
                                   1067      353      390      303      303      275      510      184 |      3385
                                     52       33       42       41       27       36       60       21 |       312
                                     44       23       39       35       31       28       55       21 |       276
                  RFRMIN1_Wopt       36       15       35       12       21       27       59       22 |       227
                                     41       16       25       25       27       20       54       17 |       225
                                     42       27       31       25       24       26       71       16 |       262
                                     48       24       34       41       32       43      111       46 |       379
                                    253      252      233      273      313      365     1247      704 |      3640

                    SUM            1583      743      829      755      778      820     2167     1031 |      8706

