 <pre>

 Contingency table for Cloud base (m)
 Selection: ALL    143 stations
Period: 20200203-20200217
Used {00,12} + 01 02 ... 24
 Limits    70.0000000       150.000000       300.000000       600.000000       1000.00000       1500.00000       2500.00000       5000.00000    
 Each class is data <= limit, the very last > last limit
 Total number of values       76915
                                                       OBSERVATION
                                    559      443      309      177       64       36       14       15       46 |      1663
                                    180      558      544      252       79       47       14        9       12 |      1695
                                    150      772     1817     1418      233      136       21       35       22 |      4604
                                     72      354     1677     5460     2288      819      163      142       94 |     11069
                       RFRMIN1       28      109      511     2652     5196     2142      275      369      162 |     11444
                                     13       67      354     1278     2432     2537      249      384      142 |      7456
                                     10       54      250      894     1245     1381      303      319       60 |      4516
                                      9       71      299     1214     1537     1579      590     1232      160 |      6691
                                    446      249      944     4494     8034     6155      954     2936     3565 |     27777

                    SUM            1467     2677     6705    17839    21108    14832     2583     5441     4263 |     76915
                                                       OBSERVATION
                                    564      428      317      163       60       36       14       14       40 |      1636
                                    179      564      537      255       61       49       13       10       15 |      1683
                                    145      763     1853     1416      241      145       20       35       19 |      4637
                                     78      372     1637     5479     2411      812      165      164      103 |     11221
                  RFRMIN1_Wopt       29      114      512     2620     5349     2245      248      355      180 |     11652
                                     14       58      333     1198     2217     2536      249      380      146 |      7131
                                      7       60      262      905     1153     1244      284      243       56 |      4214
                                     11       69      324     1252     1578     1561      630     1281      165 |      6871
                                    440      249      930     4551     8038     6204      960     2959     3539 |     27870

                    SUM            1467     2677     6705    17839    21108    14832     2583     5441     4263 |     76915

