 <pre>

 Contingency table for Cloud base (m)
 Selection: ALL    143 stations
Period: 20200203-20200217
Used {12} + 01 02 ... 24
 Limits    70.0000000       150.000000       300.000000       600.000000       1000.00000       1500.00000       2500.00000       5000.00000    
 Each class is data <= limit, the very last > last limit
 Total number of values       38421
                                                       OBSERVATION
                                    263      220      144       93       32       21        9        5       25 |       812
                                     85      281      281      132       37       26        7        2        2 |       853
                                     78      391      935      760      100       68        8       20       12 |      2372
                                     29      169      822     2708     1136      404       89       76       40 |      5473
                       RFRMIN1       15       56      259     1341     2660     1046      122      205       87 |      5791
                                      6       26      171      635     1181     1201      116      202       56 |      3594
                                      5       30      114      457      622      696      161      160       30 |      2275
                                      3       31      146      615      791      789      294      598       77 |      3344
                                    248      130      474     2272     3994     3040      491     1475     1783 |     13907

                    SUM             732     1334     3346     9013    10553     7291     1297     2743     2112 |     38421
                                                       OBSERVATION
                                    269      213      154       80       28       16        8        7       20 |       795
                                     86      284      276      122       30       23        6        4        8 |       839
                                     75      381      962      738      119       68        9       18        6 |      2376
                                     32      181      790     2770     1222      419       93       91       50 |      5648
                  RFRMIN1_Wopt       16       62      261     1326     2733     1114      126      194       98 |      5930
                                      7       25      154      597     1064     1177      124      186       62 |      3396
                                      3       24      116      459      560      599      135      122       27 |      2045
                                      3       30      165      642      793      790      302      632       80 |      3437
                                    241      134      468     2279     4004     3085      494     1489     1761 |     13955

                    SUM             732     1334     3346     9013    10553     7291     1297     2743     2112 |     38421

