 <pre>

 Contingency table for Cloud base (m)
 Selection: Ireland     27 stations
Period: 20200203-20200217
Used {00,12} + 01 02 ... 24
 Limits    70.0000000       150.000000       300.000000       600.000000       1000.00000       1500.00000       2500.00000       5000.00000    
 Each class is data <= limit, the very last > last limit
 Total number of values       16348
                                                       OBSERVATION
                                     50       81       30       39        6        7        0        7        3 |       223
                                     17       65       56       38       15        8        1        1        3 |       204
                                     22      151      261      225       33       17        7        7        5 |       728
                                      3       72      352     1096      429      123       40       50       20 |      2185
                       RFRMIN1        0       16      123      710     1062      270       45       81       24 |      2331
                                      4       18      111      471      742      441       47       78       29 |      1941
                                      1       13      108      401      384      313       68       73       17 |      1378
                                      0       22      127      406      345      235       89      179       31 |      1434
                                     19       46      276     1398     1830      906      220      524      705 |      5924

                    SUM             116      484     1444     4784     4846     2320      517     1000      837 |     16348
                                                       OBSERVATION
                                     47       76       33       35        4        5        2        5        3 |       210
                                     17       67       47       31        8        9        1        2        4 |       186
                                     21      152      266      229       32       20        4        6        0 |       730
                                      4       77      336     1086      471      119       37       48       21 |      2199
                  RFRMIN1_Wopt        1       18      131      723     1142      289       53       94       31 |      2482
                                      4       13      104      434      666      456       51       68       35 |      1831
                                      1       16      109      373      361      253       65       48       19 |      1245
                                      1       17      139      437      375      253       94      204       27 |      1547
                                     20       48      279     1436     1787      916      210      525      697 |      5918

                    SUM             116      484     1444     4784     4846     2320      517     1000      837 |     16348

